<?xml version="1.0"?>
<opencv_storage>
<cvRotorMat type_id="opencv-matrix">
  <rows>12</rows>
  <cols>3</cols>
  <dt>d</dt>
  <data>
    2.2275913106216039e-001 1.9411758256753371e+000
    3.6945082558571513e-001 1.4086789637199935e+000
    1.0774815596535943e+000 1.7650187359674976e+000
    1.4881640144593800e+000 1.9240177759739348e+000
    2.5598943039746458e+000 1.9350451033320963e+000
    4.2570592957672099e-001 1.8402212037476235e+000
    1.6730999785149809e+000 -1.3259994670500461e+000
    -8.9887107421088921e-002 1.6230801269292128e+000
    1.0948393379816533e-001 1.4682390920464594e+000
    3.1414928475649044e+000 2.4252210583510989e-002
    -1.7629012478313582e-005 6.0989917065111918e+001
    -3.7744713077154671e+001 -4.2894836272126128e+001
    6.0989917065111918e+001 -3.7744713077154671e+001
    -4.2894836272126128e+001 6.0989917065111918e+001
    -3.7744713077154671e+001 -4.2894836272126128e+001
    6.0989917065111918e+001 -3.7744713077154671e+001
    -4.2894836272126128e+001 6.0989917065111918e+001
    -3.7744713077154671e+001 -4.2894836272126128e+001</data></cvRotorMat>
</opencv_storage>
