<?xml version="1.0"?>
<opencv_storage>
<cvRotorMat_1 type_id="opencv-matrix">
  <rows>12</rows>
  <cols>3</cols>
  <dt>d</dt>
  <data>
    -3.0347641779411152e+000 -1.9886178977939847e-001
    -1.8429313273308151e-001 -2.9640141139540903e+000
    2.2953234537359607e-001 -2.2480476118706022e-001
    2.2347104604921935e+000 -2.1280503363655012e+000
    6.2746657506891707e-002 -4.6856030058386128e-001
    3.1021846824302721e+000 1.2048797302095041e-001
    -2.1949296973877530e+000 2.2315500202570631e+000
    1.1523149162414590e-002 1.7265495516816154e+000
    -2.6108178279642718e+000 7.3289070497729869e-004
    6.6126907408044644e-001 -2.9453306668056634e+000
    -1.4591210008274427e-001 -1.1093684524777182e-001
    -3.1033474611231724e+000 -2.3634760981136754e-001
    1.6566798270407164e+000 2.6467599187643440e+000
    5.0999872641238370e-002 -2.8428566431402684e+000
    -1.2355198908346641e+000 -9.7418286547430108e-002
    1.1802965019417590e-001 -3.0939547095966722e+000
    -5.0055229427072752e-002 -6.9730030331405812e-001
    -3.0078673697856955e+000 -1.8723247587571748e-001</data></cvRotorMat_1>
</opencv_storage>
