<?xml version="1.0"?>
<opencv_storage>
<cvTranslationMat_0 type_id="opencv-matrix">
  <rows>12</rows>
  <cols>3</cols>
  <dt>d</dt>
  <data>
    -1.9717024100353456e-001 2.9872047544868510e+000
    9.1612138773350005e-002 2.2616372432833734e-001
    2.9584870136186496e+000 1.9678975035441121e-001
    2.1396198628503904e+000 2.2400873630861602e+000
    -1.7153214705498601e-001 -3.0932480736549093e+000
    -4.6415576173421164e-001 4.2090028201328426e-003
    -2.2570192581294792e+000 -2.2148469315539705e+000
    5.4656255214880885e-002 -2.6127690964144219e+000
    -1.7242049404692448e+000 5.7911178365827286e-002
    -2.9816859873796835e+000 -6.6660465554655945e-001
    1.8063841538226519e-001 -2.9986249813410186e+000
    1.0762479992722850e-001 -3.2348857149841546e-004
    2.5789546264353791e+000 -1.6192918243963037e+000
    4.6914970907395048e-002 -1.2161021889458676e+000
    2.7960366475656331e+000 -9.8219487487634840e-003
    3.1501329916187077e+000 1.1735232587222341e-001
    -7.4195422706454503e-002 -2.9393678385008051e+000
    6.8084938297208208e-001 3.0921342633332811e-002</data></cvTranslationMat_0>
</opencv_storage>
