<?xml version="1.0"?>
<opencv_storage>
<Intrinsics type_id="opencv-matrix">
  <rows>3</rows>
  <cols>3</cols>
  <dt>f</dt>
  <data>
    3.46478955e+003 0. 4.39241699e+002 0. 3.46929395e+003
    2.90747040e+002 0. 0. 1.</data></Intrinsics>
</opencv_storage>
