%YAML:1.0
Intrinsics: !!opencv-matrix
   rows: 3
   cols: 3
   dt: f
   data: [ 3.46478955e+003, 0., 4.39241699e+002, 0., 3.46929395e+003,
       2.90747040e+002, 0., 0., 1. ]
