<?xml version="1.0"?>
<opencv_storage>
<m_pcvIntrinsicMat_Left type_id="opencv-matrix">
  <rows>3</rows>
  <cols>3</cols>
  <dt>d</dt>
  <data>
    3.2593408374090347e+002 0. 3.9950000000000000e+002 0.
    4.1143843603847620e+002 2.9950000000000000e+002 0. 0. 1.</data></m_pcvIntrinsicMat_Left>
</opencv_storage>
