<?xml version="1.0"?>
<opencv_storage>
<m_pcvIntrinsicMat_Left_1 type_id="opencv-matrix">
  <rows>3</rows>
  <cols>3</cols>
  <dt>d</dt>
  <data>
    3.2670909506092462e+003 0. 3.8596962929882307e+002 0.
    3.2689439217828613e+003 3.2599018655373061e+002 0. 0. 1.</data></m_pcvIntrinsicMat_Left_1>
</opencv_storage>
