<?xml version="1.0"?>
<opencv_storage>
<m_pcvIntrinsicMat_Left_0 type_id="opencv-matrix">
  <rows>3</rows>
  <cols>3</cols>
  <dt>d</dt>
  <data>
    3.5276978967554710e+003 0. 4.5261822200649902e+002 0.
    3.5328331858881215e+003 2.6753373306513555e+002 0. 0. 1.</data></m_pcvIntrinsicMat_Left_0>
</opencv_storage>
