<?xml version="1.0"?>
<opencv_storage>
<pcvDistortionCoeffs_Left_1 type_id="opencv-matrix">
  <rows>5</rows>
  <cols>1</cols>
  <dt>d</dt>
  <data>
    2.6056869341056038e-001 -2.1769655686570635e-001
    7.5342808212935731e-003 8.4096680581918336e-003
    2.3911736346078305e+000</data></pcvDistortionCoeffs_Left_1>
</opencv_storage>
