<?xml version="1.0"?>
<opencv_storage>
<pcvDistortionCoeffs_Left_0 type_id="opencv-matrix">
  <rows>5</rows>
  <cols>1</cols>
  <dt>d</dt>
  <data>
    -1.1772729862160181e+000 1.8687093009514498e+002
    -9.7884575578513454e-003 3.5587973982157909e-003
    -8.3563706082579720e+003</data></pcvDistortionCoeffs_Left_0>
</opencv_storage>
